Results
test_nll: 2.625020980834961
train_nll: 2.6146647930145264
