Results
test_nll: 2.622276782989502
train_nll: 2.612828254699707
