Results
test_nll: 2.258199691772461
train_nll: 2.2535746097564697
