Results
test_nll: 2.2589921951293945
train_nll: 2.2560789585113525
