Results
test_nll: 3.418294668197632
train_nll: 3.410595417022705
