Results
test_nll: 3.4181671142578125
train_nll: 3.4095213413238525
