Results
test_nll: 3.415599822998047
train_nll: 3.4056153297424316
