Results
test_nll: 2.618091344833374
train_nll: 2.6105916500091553
