Results
test_nll: 2.6188995838165283
train_nll: 2.611481189727783
