Results
test_nll: 2.6186928749084473
train_nll: 2.6111505031585693
