Results
test_nll: 2.3220326900482178
train_nll: 2.3197131156921387
