Results
test_nll: 2.628101348876953
train_nll: 2.6206560134887695
