Results
test_nll: 2.629441738128662
train_nll: 2.6212425231933594
