Results
test_nll: 2.7265660762786865
train_nll: 2.7153103351593018
