Results
test_nll: 2.7158315181732178
train_nll: 2.70386004447937
