Results
test_nll: 2.6153769493103027
train_nll: 2.6051182746887207
