Results
test_nll: 2.731602430343628
train_nll: 2.719411849975586
