Results
test_nll: 2.7317330837249756
train_nll: 2.7205965518951416
