Results
test_nll: 2.62788987159729
train_nll: 2.619807004928589
