Results
test_nll: 2.6182682514190674
train_nll: 2.6103525161743164
