Results
test_nll: 3.432002544403076
train_nll: 3.4231812953948975
