Results
test_nll: 3.427899122238159
train_nll: 3.4183084964752197
