Results
test_nll: 3.4158198833465576
train_nll: 3.4058990478515625
