Results
test_nll: 2.6051013469696045
train_nll: 2.597395181655884
