Results
test_nll: 2.598315477371216
train_nll: 2.589586019515991
