Results
test_nll: 3.466632127761841
train_nll: 3.46652889251709
