Results
test_nll: 2.9764606952667236
train_nll: 2.9738709926605225
