Results
test_nll: 3.4584593772888184
train_nll: 3.458580255508423
