Results
test_nll: 3.4301977157592773
train_nll: 3.4218974113464355
