Results
test_nll: 3.417046546936035
train_nll: 3.4094185829162598
