Results
test_nll: 2.6263465881347656
train_nll: 2.617931604385376
