Results
test_nll: 2.258310079574585
train_nll: 2.2546231746673584
