Results
test_nll: 2.2574117183685303
train_nll: 2.25449800491333
