Results
test_nll: 3.4570071697235107
train_nll: 3.4581618309020996
