Results
test_nll: 3.4726336002349854
train_nll: 3.472841739654541
