Results
test_nll: 3.446714401245117
train_nll: 3.4472968578338623
