Results
test_nll: 2.2616653442382812
train_nll: 2.258214235305786
