Results
test_nll: 2.70745587348938
train_nll: 2.6958749294281006
