Results
test_nll: 2.7164673805236816
train_nll: 2.7049787044525146
