Results
test_nll: 3.4517571926116943
train_nll: 3.452216148376465
