Results
test_nll: 2.6118357181549072
train_nll: 2.6032280921936035
