Results
test_nll: 3.458282470703125
train_nll: 3.459021806716919
