Results
test_nll: 2.619968891143799
train_nll: 2.6112444400787354
