Results
test_nll: 3.474895715713501
train_nll: 3.473076820373535
