Results
test_nll: 2.616995334625244
train_nll: 2.607635736465454
