Results
test_nll: 2.633552312850952
train_nll: 2.624610424041748
