Results
test_nll: 2.6372499465942383
train_nll: 2.629031181335449
