Results
test_nll: 2.6264989376068115
train_nll: 2.618546724319458
