Results
test_nll: 2.2625136375427246
train_nll: 2.260490655899048
