Results
test_nll: 2.6259124279022217
train_nll: 2.6159160137176514
