Results
test_nll: 2.9816768169403076
train_nll: 2.979604959487915
