Results
test_nll: 3.4207286834716797
train_nll: 3.4108452796936035
