Results
test_nll: 3.4488120079040527
train_nll: 3.4498534202575684
