Results
test_nll: 3.406902313232422
train_nll: 3.3980023860931396
