Results
test_nll: 2.6163623332977295
train_nll: 2.607774257659912
