Results
test_nll: 3.413506031036377
train_nll: 3.4051685333251953
