Results
test_nll: 2.320003032684326
train_nll: 2.3169519901275635
