Results
test_nll: 3.4094035625457764
train_nll: 3.400398015975952
