Results
test_nll: 2.718031644821167
train_nll: 2.7063448429107666
