Results
test_nll: 3.4648430347442627
train_nll: 3.465885639190674
