Results
test_emd: 127.47387114579271
train_emd: 125.4734608420741
