Results
test_nll: 3.4300429821014404
train_nll: 3.423478126525879
