Results
test_nll: 2.6092686653137207
train_nll: 2.599536895751953
