Results
test_nll: 2.9577584266662598
train_nll: 2.956573009490967
