Results
test_nll: 3.4229609966278076
train_nll: 3.4138758182525635
