Results
test_nll: 2.6225435733795166
train_nll: 2.613830327987671
