Results
test_nll: 3.4430367946624756
train_nll: 3.4438107013702393
