Results
test_nll: 3.4620375633239746
train_nll: 3.463498830795288
