Results
test_nll: 2.6301109790802
train_nll: 2.621687650680542
