Results
test_emd: 136.6038426890458
train_emd: 130.43554128343533
