Results
test_nll: 2.62093448638916
train_nll: 2.612004518508911
