Results
test_nll: 2.7076330184936523
train_nll: 2.696695566177368
