Results
test_nll: 2.986346483230591
train_nll: 2.9854772090911865
