Results
test_nll: 3.4618656635284424
train_nll: 3.462407112121582
