Results
test_nll: 2.9408750534057617
train_nll: 2.93843412399292
