Results
test_nll: 2.642423152923584
train_nll: 2.6338818073272705
