Results
test_nll: 2.627298355102539
train_nll: 2.6194140911102295
