Results
test_nll: 3.4209794998168945
train_nll: 3.4122087955474854
