Results
test_nll: 2.7258732318878174
train_nll: 2.7145683765411377
