Results
test_nll: 2.6086223125457764
train_nll: 2.598569393157959
