Results
test_nll: 2.6202025413513184
train_nll: 2.6124444007873535
