Results
test_nll: 2.25610089302063
train_nll: 2.2535035610198975
