Results
test_nll: 3.4540858268737793
train_nll: 3.453087568283081
