Results
test_nll: 2.2594025135040283
train_nll: 2.257768154144287
