Results
test_nll: 3.4233384132385254
train_nll: 3.4136366844177246
