Results
test_nll: 2.3248841762542725
train_nll: 2.3226993083953857
