Results
test_nll: 3.4096004962921143
train_nll: 3.4008359909057617
