Results
test_nll: 3.429100751876831
train_nll: 3.4212019443511963
