Results
test_nll: 2.6076087951660156
train_nll: 2.5966806411743164
