Results
test_nll: 3.4654059410095215
train_nll: 3.468149185180664
