Results
test_nll: 2.627314329147339
train_nll: 2.619659185409546
