Results
test_nll: 3.42276668548584
train_nll: 3.4140548706054688
