Results
test_nll: 3.4120359420776367
train_nll: 3.4030673503875732
