Results
test_emd: 112.92705534026594
train_emd: 107.99890812357494
