Results
test_nll: 2.709900140762329
train_nll: 2.700244426727295
