Results
test_nll: 3.4607110023498535
train_nll: 3.4615492820739746
