Results
test_nll: 3.4455697536468506
train_nll: 3.444607973098755
