Results
test_nll: 2.2563207149505615
train_nll: 2.25455904006958
