Results
test_nll: 2.950666666030884
train_nll: 2.948115348815918
