Results
test_nll: 3.4650495052337646
train_nll: 3.4666154384613037
