Results
test_nll: 3.4624226093292236
train_nll: 3.46443247795105
