Results
test_nll: 3.398831844329834
train_nll: 3.3906214237213135
