Results
test_nll: 2.62149977684021
train_nll: 2.613990068435669
