Results
test_nll: 2.6182122230529785
train_nll: 2.6100616455078125
