Results
test_nll: 2.6213560104370117
train_nll: 2.615083932876587
