Results
test_nll: 3.4721148014068604
train_nll: 3.4714741706848145
