Results
test_nll: 2.59806752204895
train_nll: 2.5893056392669678
