Results
test_nll: 3.4703755378723145
train_nll: 3.4691731929779053
