Results
test_nll: 2.61110258102417
train_nll: 2.602228879928589
