Results
test_nll: 2.712724208831787
train_nll: 2.7024025917053223
