Results
test_nll: 2.710373878479004
train_nll: 2.699227809906006
