Results
test_nll: 2.625049591064453
train_nll: 2.615830659866333
