Results
test_nll: 2.6100375652313232
train_nll: 2.599750518798828
