Results
test_nll: 2.610560894012451
train_nll: 2.600022077560425
